0 0.30498533724340177 0.15175953079178886 0.11925708699902249 0.14809384164222875
0 0.45943304007820135 0.18255131964809385 0.1798631476050831 0.19501466275659823
0 0.572336265884653 0.1906158357771261 0.08895405669599218 0.1935483870967742
0 0.6505376344086021 0.2903225806451613 0.10263929618768329 0.20821114369501467
0 0.7502443792766373 0.24780058651026393 0.11241446725317693 0.17008797653958943
0 0.8343108504398827 0.32111436950146627 0.08308895405669599 0.17888563049853373
0 0.7238514173998045 0.4142228739002933 0.1573802541544477 0.1656891495601173
0 0.8435972629521017 0.48826979472140764 0.13294232649071358 0.15249266862170088
0 0.7502443792766373 0.6151026392961877 0.10654936461388075 0.218475073313783
0 0.8313782991202346 0.6803519061583577 0.12609970674486803 0.1906158357771261
0 0.7546432062561095 0.8079178885630498 0.12316715542521994 0.15249266862170088
0 0.6436950146627566 0.7587976539589443 0.1378299120234604 0.1744868035190616
0 0.6432062561094819 0.5513196480938416 0.10752688172043011 0.20821114369501467
0 0.5826001955034213 0.4090909090909091 0.10361681329423265 0.20821114369501467
0 0.21163245356793745 0.24193548387096775 0.11827956989247312 0.1466275659824047
0 0.11925708699902249 0.42008797653958946 0.11925708699902249 0.2126099706744868
0 0.11094819159335288 0.6085043988269795 0.1495601173020528 0.21114369501466276
0 0.17497556207233628 0.7903225806451613 0.11143695014662756 0.1495601173020528
0 0.22580645161290322 0.6004398826979472 0.11534701857282502 0.19794721407624633
0 0.2262952101661779 0.374633431085044 0.13196480938416422 0.2536656891495601
0 0.35386119257087 0.28519061583577715 0.12512218963831867 0.13343108504398826
0 0.4574780058651026 0.3585043988269795 0.14467253176930597 0.14516129032258066
0 0.36608015640273706 0.43841642228739003 0.1378299120234604 0.15249266862170088
0 0.5034213098729228 0.5351906158357771 0.17008797653958943 0.17595307917888564
0 0.3514173998044966 0.5982404692082112 0.1436950146627566 0.15249266862170088
0 0.4291300097751711 0.7478005865102639 0.15249266862170088 0.15542521994134897
0 0.31915933528836754 0.8541055718475073 0.13587487781036167 0.1656891495601173
0 0.2873900293255132 0.7470674486803519 0.14858260019550343 0.1627565982404692
0 0.5136852394916911 0.8372434017595308 0.14565004887585534 0.1495601173020528
0 0.5283479960899315 0.6752199413489736 0.13978494623655913 0.15395894428152493
