0 0.1947976878612717 0.14711632453567938 0.2046242774566474 0.1827956989247312
0 0.22890173410404627 0.32160312805474095 0.29826589595375724 0.1739980449657869
0 0.17283236994219656 0.49902248289345064 0.2647398843930636 0.16715542521994134
0 0.23236994219653181 0.6715542521994134 0.254335260115607 0.17008797653958943
0 0.21734104046242775 0.8391984359726296 0.26358381502890177 0.18475073313782991
0 0.40751445086705207 0.22531769305962854 0.19075144508670522 0.20234604105571846
0 0.5971098265895954 0.1652003910068426 0.18612716763005782 0.22482893450635386
0 0.8289017341040463 0.18132942326490714 0.19421965317919077 0.20821114369501467
0 0.4878612716763006 0.4291300097751711 0.2589595375722544 0.2541544477028348
0 0.715606936416185 0.32942326490713586 0.22658959537572257 0.18963831867057673
0 0.7653179190751446 0.4726295210166178 0.24508670520231216 0.14173998044965788
0 0.4670520231213873 0.6441837732160313 0.21271676300578035 0.21114369501466276
0 0.7907514450867053 0.6471163245356794 0.28208092485549136 0.19745845552297164
0 0.43121387283236995 0.85386119257087 0.23352601156069366 0.1906158357771261
0 0.6456647398843931 0.8299120234604106 0.19537572254335261 0.23851417399804498
0 0.8497109826589596 0.8181818181818182 0.19653179190751446 0.22287390029325513
