0 0.1971098265895954 0.14613880742913002 0.2046242774566474 0.18084066471163246
0 0.41040462427745666 0.22531769305962854 0.18497109826589597 0.20430107526881722
0 0.5971098265895954 0.16715542521994134 0.18612716763005782 0.22678396871945258
0 0.8289017341040463 0.1798631476050831 0.18959537572254337 0.2072336265884653
0 0.7132947976878613 0.33235581622678395 0.22196531791907514 0.18963831867057673
0 0.48497109826589596 0.4237536656891496 0.2647398843930636 0.26099706744868034
0 0.23063583815028904 0.3196480938416422 0.2947976878612717 0.18377321603128055
0 0.17687861271676303 0.49902248289345064 0.26358381502890177 0.17302052785923755
0 0.2341040462427746 0.6725317693059628 0.2624277456647399 0.1798631476050831
0 0.21791907514450867 0.8396871945259042 0.2763005780346821 0.19745845552297164
0 0.4323699421965318 0.8528836754643206 0.23352601156069366 0.18670576735092864
0 0.47109826589595377 0.64613880742913 0.2138728323699422 0.21114369501466276
0 0.7670520231213873 0.4736070381231672 0.2439306358381503 0.14565004887585534
0 0.792485549132948 0.6456500488758553 0.2786127167630058 0.19452590420332355
0 0.6439306358381504 0.8299120234604106 0.20578034682080926 0.2404692082111437
0 0.8502890173410406 0.8191593352883676 0.2 0.22678396871945258
